PART 1 - BASELINE MODEL AND OPTIMAL EPOCH SELECTION
============================================================
Generated: 2026-06-11 15:54:21
Versions: keras 3.14.1, tensorflow 2.21.0, scikit-learn 1.9.0
Random seed: 42

Configuration:
  Architecture: Dense 64-64, rmsprop, batch size 512
  Splits: train 7982, val 1000, test 2246

Epoch selection (on validation only):
  Explored epochs: 20
  Best epoch: 14 (val accuracy 0.8280)

Test set (final model, single evaluation):
Accuracy:    0.7979
Macro F1:    0.5368
Weighted F1: 0.7874

Per-class report:
              precision    recall  f1-score   support

           0       0.89      0.67      0.76        12
           1       0.71      0.80      0.75       105
           2       0.74      0.70      0.72        20
           3       0.93      0.93      0.93       813
           4       0.78      0.90      0.83       474
           5       1.00      0.20      0.33         5
           6       0.93      0.93      0.93        14
           7       0.50      0.33      0.40         3
           8       0.65      0.68      0.67        38
           9       0.83      0.80      0.82        25
          10       0.93      0.90      0.92        30
          11       0.62      0.73      0.67        83
          12       0.33      0.08      0.12        13
          13       0.60      0.65      0.62        37
          14       0.50      0.50      0.50         2
          15       0.50      0.11      0.18         9
          16       0.71      0.75      0.73        99
          17       1.00      0.25      0.40        12
          18       0.63      0.60      0.62        20
          19       0.66      0.70      0.68       133
          20       0.62      0.51      0.56        70
          21       0.72      0.78      0.75        27
          22       0.00      0.00      0.00         7
          23       0.56      0.42      0.48        12
          24       0.73      0.42      0.53        19
          25       0.79      0.71      0.75        31
          26       0.88      0.88      0.88         8
          27       1.00      0.25      0.40         4
          28       0.12      0.10      0.11        10
          29       0.25      0.25      0.25         4
          30       0.67      0.50      0.57        12
          31       0.80      0.31      0.44        13
          32       0.88      0.70      0.78        10
          33       1.00      0.80      0.89         5
          34       0.83      0.71      0.77         7
          35       1.00      0.17      0.29         6
          36       0.42      0.45      0.43        11
          37       0.50      0.50      0.50         2
          38       1.00      0.33      0.50         3
          39       0.00      0.00      0.00         5
          40       0.50      0.20      0.29        10
          41       0.50      0.25      0.33         8
          42       0.00      0.00      0.00         3
          43       0.80      0.67      0.73         6
          44       1.00      0.80      0.89         5
          45       0.00      0.00      0.00         1

    accuracy                           0.80      2246
   macro avg       0.65      0.50      0.54      2246
weighted avg       0.79      0.80      0.79      2246

Reference baselines:
  Majority class: 0.3620
  Shuffled labels: 0.1817
